-0.995
-0.869999
-0.819999
-0.744999
-0.719999
-0.707499
-0.694999
-0.694999
-0.619999
-0.619999
-0.569999
-0.569999
-0.544999
-0.594999
-0.644999
-0.694999
-0.644999
-0.594999
-0.569999
-0.569999
-0.594999
-0.669999
-0.694999
-0.719999
-0.719999
-0.719999
-0.732499
-0.744999
-0.728332
-0.711666
-0.694999
-0.694999
-0.669999
-0.469999
-0.269999
0.3175
0.8175
1.2175
1.1425
0.8425
1.1675
1.2175
1.08
0.9425
0.8175
0.8675
1.0425
1.1175
1.1175
1.005
0.8925
0.7675
0.8925
0.9675
0.9175
0.8925
0.8675
0.5425
0.1925
-0.0575001
0.0425
0.9675
0.9925
1.0175
