0.0925039
0.0675038
0.0550038
0.0425037
0.0341703
0.025837
0.0175036
0.0175036
-0.657499
-0.8825
-0.8825
-0.9075
-0.307498
-0.332498
-0.00749648
0.0675038
0.192504
0.242504
0.517506
0.442505
0.392505
0.367505
0.367505
0.367505
0.167504
0.892507
0.917507
0.892507
0.867507
0.867507
0.192504
0.542506
0.592506
-0.9575
-0.9825
-0.9825
-0.9575
-0.9325
-0.8325
0.692506
0.692506
0.692506
0.692506
-0.407498
-0.369998
-1.04917
-1.04917
-1.07417
-1.09917
0.867507
0.892507
0.917507
0.842507
0.830007
0.817507
0.792507
0.742506
0.717506
0.667506
0.642506
0.642506
0.617506
0.630006
0.642506
